
525 271
687 255
752 271
976 259
1056 257
1195 255
1279 253
419 268
323 271
511 269
633 268
742 268
828 254
935 260
1034 250
338 268
418 268
527 272
639 266
731 264
851 265
1011 257
1134 254
1226 248
1279 251
1074 256
866 264
754 264
671 265
535 268
389 274
223 274
316 269
38 274
154 277
250 273
363 273
440 268
564 265
680 264
811 267
932 268
1075 256
1181 254
1279 254
1269 260
1062 270
963 259
878 267
769 266
635 272
526 272
428 274
326 274
213 279
135 278
9 281
-59 286
1181 266
1025 263
882 265
756 277
593 272
473 279
364 297
15 288
137 282
13 285
-85 290
-205 307
1170 265
1040 265
954 266
861 268
750 270
662 276
543 274
451 276
356 278
273 280
142 284
1 285
-225 292
-359 300
1026 326
914 324
833 321
701 322
618 325
507 320
383 326
221 332
95 336
-106 342
-197 349
-445 377
653 321
651 328
620 327
628 320
630 323
639 313
643 312
637 313
629 313
653 305
661 305
990 302
1006 301
1013 305
1027 302
1050 303